% time     seconds  usecs/call     calls    errors syscall
------ ----------- ----------- --------- --------- ----------------
 26.73    0.000178           0       328        67 stat
 13.81    0.000092           0       168           read
 12.91    0.000086           0       151           fstat
  9.91    0.000066           0       120        22 openat
  9.01    0.000060           0       117         3 lseek
  6.91    0.000046           0       101           close
  6.46    0.000043           0        77        71 ioctl
  3.90    0.000026           0       122           mmap
  3.90    0.000026           0        68           rt_sigaction
  3.00    0.000020           1        20           getdents64
  1.05    0.000007           2         3           dup
  0.90    0.000006           0        14           munmap
  0.90    0.000006           0        15           brk
  0.60    0.000004           0        30           mprotect
  0.00    0.000000           0         1           lstat
  0.00    0.000000           0         1           rt_sigprocmask
  0.00    0.000000           0         8           pread64
  0.00    0.000000           0         1         1 access
  0.00    0.000000           0         1           mremap
  0.00    0.000000           0         1           execve
  0.00    0.000000           0         3           fcntl
  0.00    0.000000           0         1           getcwd
  0.00    0.000000           0         4         2 readlink
  0.00    0.000000           0         1           sysinfo
  0.00    0.000000           0         1           getuid
  0.00    0.000000           0         1           getgid
  0.00    0.000000           0         1           geteuid
  0.00    0.000000           0         1           getegid
  0.00    0.000000           0         3           sigaltstack
  0.00    0.000000           0         2         1 arch_prctl
  0.00    0.000000           0         7           futex
  0.00    0.000000           0         1           set_tid_address
  0.00    0.000000           0         1           set_robust_list
  0.00    0.000000           0         1           prlimit64
------ ----------- ----------- --------- --------- ----------------
100.00    0.000666                  1375       167 total
