% time     seconds  usecs/call     calls    errors syscall
------ ----------- ----------- --------- --------- ----------------
 29.85    0.000283           0       328        67 stat
 14.98    0.000142           0       168           read
 11.39    0.000108           0       120        22 openat
 10.23    0.000097           0       125           mmap
  8.76    0.000083           0       151           fstat
  6.86    0.000065           0       117         3 lseek
  5.91    0.000056           0       101           close
  3.27    0.000031           0        77        71 ioctl
  3.27    0.000031           1        20           getdents64
  2.74    0.000026           0        30           mprotect
  0.74    0.000007           0        17           munmap
  0.63    0.000006           0        15           brk
  0.32    0.000003           1         3           fcntl
  0.32    0.000003           0         7           futex
  0.21    0.000002           2         1           lstat
  0.21    0.000002           2         1           getcwd
  0.21    0.000002           0         4         2 readlink
  0.11    0.000001           1         1           mremap
  0.00    0.000000           0        68           rt_sigaction
  0.00    0.000000           0         1           rt_sigprocmask
  0.00    0.000000           0         8           pread64
  0.00    0.000000           0         1         1 access
  0.00    0.000000           0         3           dup
  0.00    0.000000           0         1           execve
  0.00    0.000000           0         1           sysinfo
  0.00    0.000000           0         1           getuid
  0.00    0.000000           0         1           getgid
  0.00    0.000000           0         1           geteuid
  0.00    0.000000           0         1           getegid
  0.00    0.000000           0         3           sigaltstack
  0.00    0.000000           0         2         1 arch_prctl
  0.00    0.000000           0         1           set_tid_address
  0.00    0.000000           0         1           set_robust_list
  0.00    0.000000           0         1           prlimit64
------ ----------- ----------- --------- --------- ----------------
100.00    0.000948                  1381       167 total
