% time     seconds  usecs/call     calls    errors syscall
------ ----------- ----------- --------- --------- ----------------
 32.25    0.000329           1       328        67 stat
 12.84    0.000131           6        20           getdents64
 10.49    0.000107           0       169           read
 10.20    0.000104           0       124        26 openat
  8.24    0.000084           0       122           mmap
  6.27    0.000064           0       101           close
  5.69    0.000058           0       152           fstat
  4.61    0.000047           0       117         3 lseek
  4.22    0.000043           0        77        71 ioctl
  2.45    0.000025           0        30           mprotect
  1.37    0.000014           0        15           brk
  0.39    0.000004           0        14           munmap
  0.29    0.000003           1         3           fcntl
  0.20    0.000002           2         1           lstat
  0.20    0.000002           2         1           getcwd
  0.20    0.000002           0         4         2 readlink
  0.10    0.000001           0         7           futex
  0.00    0.000000           0        68           rt_sigaction
  0.00    0.000000           0         1           rt_sigprocmask
  0.00    0.000000           0         8           pread64
  0.00    0.000000           0         1         1 access
  0.00    0.000000           0         1           mremap
  0.00    0.000000           0         3           dup
  0.00    0.000000           0         1           execve
  0.00    0.000000           0         1           sysinfo
  0.00    0.000000           0         1           getuid
  0.00    0.000000           0         1           getgid
  0.00    0.000000           0         1           geteuid
  0.00    0.000000           0         1           getegid
  0.00    0.000000           0         3           sigaltstack
  0.00    0.000000           0         2         1 arch_prctl
  0.00    0.000000           0         1           set_tid_address
  0.00    0.000000           0         1           set_robust_list
  0.00    0.000000           0         1           prlimit64
------ ----------- ----------- --------- --------- ----------------
100.00    0.001020                  1381       171 total
