% time     seconds  usecs/call     calls    errors syscall
------ ----------- ----------- --------- --------- ----------------
 28.91    0.000494           1       328        67 stat
 13.11    0.000224           1       168           read
 12.70    0.000217          10        20           getdents64
 10.24    0.000175           1       120        22 openat
  8.19    0.000140           0       151           fstat
  6.61    0.000113           0       117         3 lseek
  6.50    0.000111           0       122           mmap
  5.97    0.000102           1       101           close
  4.51    0.000077           1        77        71 ioctl
  1.76    0.000030           1        30           mprotect
  0.99    0.000017           1        15           brk
  0.12    0.000002           0        14           munmap
  0.12    0.000002           0         3           fcntl
  0.12    0.000002           0         7           futex
  0.06    0.000001           1         1           lstat
  0.06    0.000001           1         1           getcwd
  0.06    0.000001           0         4         2 readlink
  0.00    0.000000           0        68           rt_sigaction
  0.00    0.000000           0         1           rt_sigprocmask
  0.00    0.000000           0         8           pread64
  0.00    0.000000           0         1         1 access
  0.00    0.000000           0         1           mremap
  0.00    0.000000           0         3           dup
  0.00    0.000000           0         1           execve
  0.00    0.000000           0         1         1 fdatasync
  0.00    0.000000           0         1           sysinfo
  0.00    0.000000           0         1           getuid
  0.00    0.000000           0         1           getgid
  0.00    0.000000           0         1           geteuid
  0.00    0.000000           0         1           getegid
  0.00    0.000000           0         3           sigaltstack
  0.00    0.000000           0         2         1 arch_prctl
  0.00    0.000000           0         1           set_tid_address
  0.00    0.000000           0         1           set_robust_list
  0.00    0.000000           0         1           prlimit64
------ ----------- ----------- --------- --------- ----------------
100.00    0.001709                  1376       168 total
