% time     seconds  usecs/call     calls    errors syscall
------ ----------- ----------- --------- --------- ----------------
 27.78    0.000282           0       328        67 stat
 24.63    0.000250          12        20           getdents64
 10.64    0.000108           0       168           read
  9.06    0.000092           0       120        22 openat
  5.71    0.000058           0       101           close
  5.62    0.000057           0       151           fstat
  5.22    0.000053           0        77        71 ioctl
  4.43    0.000045           0       117         3 lseek
  2.46    0.000025           0       122           mmap
  0.89    0.000009           3         3           fcntl
  0.89    0.000009           9         1           getcwd
  0.79    0.000008           0        15           brk
  0.59    0.000006           6         1           lstat
  0.49    0.000005           0        30           mprotect
  0.39    0.000004           0         7           futex
  0.20    0.000002           0        14           munmap
  0.20    0.000002           0         4         2 readlink
  0.00    0.000000           0        68           rt_sigaction
  0.00    0.000000           0         1           rt_sigprocmask
  0.00    0.000000           0         8           pread64
  0.00    0.000000           0         1         1 access
  0.00    0.000000           0         1           mremap
  0.00    0.000000           0         3           dup
  0.00    0.000000           0         1           execve
  0.00    0.000000           0         1         1 fdatasync
  0.00    0.000000           0         1           sysinfo
  0.00    0.000000           0         1           getuid
  0.00    0.000000           0         1           getgid
  0.00    0.000000           0         1           geteuid
  0.00    0.000000           0         1           getegid
  0.00    0.000000           0         3           sigaltstack
  0.00    0.000000           0         2         1 arch_prctl
  0.00    0.000000           0         1           set_tid_address
  0.00    0.000000           0         1           set_robust_list
  0.00    0.000000           0         1           prlimit64
------ ----------- ----------- --------- --------- ----------------
100.00    0.001015                  1376       168 total
