% time     seconds  usecs/call     calls    errors syscall
------ ----------- ----------- --------- --------- ----------------
 24.52    0.000165           8        20           getdents64
 21.55    0.000145           0       328        67 stat
 10.70    0.000072           0       170           read
  9.51    0.000064           0       120        22 openat
  8.02    0.000054           0       153           fstat
  7.43    0.000050           0       101           close
  5.79    0.000039           0       117         3 lseek
  4.31    0.000029           0       125           mmap
  3.71    0.000025           0        77        71 ioctl
  2.53    0.000017           1        15           brk
  0.59    0.000004           0        17           munmap
  0.59    0.000004           4         1           sysinfo
  0.45    0.000003           1         3           sigaltstack
  0.15    0.000001           0        30           mprotect
  0.15    0.000001           0         7           futex
  0.00    0.000000           0         1           lstat
  0.00    0.000000           0        68           rt_sigaction
  0.00    0.000000           0         1           rt_sigprocmask
  0.00    0.000000           0         8           pread64
  0.00    0.000000           0         1         1 access
  0.00    0.000000           0         1           mremap
  0.00    0.000000           0         3           dup
  0.00    0.000000           0         1           execve
  0.00    0.000000           0         3           fcntl
  0.00    0.000000           0         1           getcwd
  0.00    0.000000           0         4         2 readlink
  0.00    0.000000           0         1           getuid
  0.00    0.000000           0         1           getgid
  0.00    0.000000           0         1           geteuid
  0.00    0.000000           0         1           getegid
  0.00    0.000000           0         2         1 arch_prctl
  0.00    0.000000           0         1           set_tid_address
  0.00    0.000000           0         1           set_robust_list
  0.00    0.000000           0         1           prlimit64
  0.00    0.000000           0         1         1 execveat
------ ----------- ----------- --------- --------- ----------------
100.00    0.000673                  1386       168 total
