% time     seconds  usecs/call     calls    errors syscall
------ ----------- ----------- --------- --------- ----------------
 24.06    0.000238           0       328        67 stat
 14.26    0.000141           0       169           read
 14.26    0.000141           7        20           getdents64
 11.53    0.000114           7        15           munmap
  6.98    0.000069           0       120        22 openat
  6.07    0.000060           0       101           close
  5.97    0.000059           0       123           mmap
  5.26    0.000052           0       152           fstat
  3.84    0.000038           0        77        71 ioctl
  3.54    0.000035           0       117         3 lseek
  1.42    0.000014           0        15           brk
  1.01    0.000010           0        30           mprotect
  0.71    0.000007           7         1           mremap
  0.51    0.000005           0         7           futex
  0.20    0.000002           0        68           rt_sigaction
  0.20    0.000002           2         1         1 listen
  0.10    0.000001           0         4         2 readlink
  0.10    0.000001           0         3           sigaltstack
  0.00    0.000000           0         1           lstat
  0.00    0.000000           0         1           rt_sigprocmask
  0.00    0.000000           0         8           pread64
  0.00    0.000000           0         1         1 access
  0.00    0.000000           0         3           dup
  0.00    0.000000           0         1           execve
  0.00    0.000000           0         3           fcntl
  0.00    0.000000           0         1           getcwd
  0.00    0.000000           0         1           sysinfo
  0.00    0.000000           0         1           getuid
  0.00    0.000000           0         1           getgid
  0.00    0.000000           0         1           geteuid
  0.00    0.000000           0         1           getegid
  0.00    0.000000           0         2         1 arch_prctl
  0.00    0.000000           0         1           set_tid_address
  0.00    0.000000           0         1           set_robust_list
  0.00    0.000000           0         1           prlimit64
------ ----------- ----------- --------- --------- ----------------
100.00    0.000989                  1380       168 total
