% time     seconds  usecs/call     calls    errors syscall
------ ----------- ----------- --------- --------- ----------------
 20.12    0.000207          10        20           getdents64
 19.24    0.000198           1       169           read
 16.72    0.000172           0       328        67 stat
  7.77    0.000080           0       120        22 openat
  7.19    0.000074           0       152           fstat
  6.80    0.000070           0       122           mmap
  6.03    0.000062           0       117         3 lseek
  5.34    0.000055           0       101           close
  4.37    0.000045           0        77        71 ioctl
  3.60    0.000037           2        14           munmap
  0.68    0.000007           0        30           mprotect
  0.58    0.000006           6         1           mremap
  0.49    0.000005           0        15           brk
  0.29    0.000003           3         1           getuid
  0.29    0.000003           3         1           getgid
  0.19    0.000002           2         1           geteuid
  0.19    0.000002           2         1           getegid
  0.10    0.000001           1         1         1 listen
  0.00    0.000000           0         1           lstat
  0.00    0.000000           0        68           rt_sigaction
  0.00    0.000000           0         1           rt_sigprocmask
  0.00    0.000000           0         8           pread64
  0.00    0.000000           0         1         1 access
  0.00    0.000000           0         3           dup
  0.00    0.000000           0         1           execve
  0.00    0.000000           0         3           fcntl
  0.00    0.000000           0         1           getcwd
  0.00    0.000000           0         4         2 readlink
  0.00    0.000000           0         1           sysinfo
  0.00    0.000000           0         3           sigaltstack
  0.00    0.000000           0         2         1 arch_prctl
  0.00    0.000000           0         7           futex
  0.00    0.000000           0         1           set_tid_address
  0.00    0.000000           0         1           set_robust_list
  0.00    0.000000           0         1           prlimit64
------ ----------- ----------- --------- --------- ----------------
100.00    0.001029                  1378       168 total
