% time     seconds  usecs/call     calls    errors syscall
------ ----------- ----------- --------- --------- ----------------
 22.21    0.000153           2        68           rt_sigaction
 19.45    0.000134           0       328        67 stat
 10.01    0.000069           0       169           read
  9.29    0.000064           0       152           fstat
  8.56    0.000059           0       120        22 openat
  7.69    0.000053           0       117         3 lseek
  6.82    0.000047           2        20           getdents64
  6.53    0.000045           0       101           close
  6.10    0.000042           0        77        71 ioctl
  1.31    0.000009           3         3           dup
  1.16    0.000008           0       121           mmap
  0.87    0.000006           0        15           brk
  0.00    0.000000           0         1           lstat
  0.00    0.000000           0        30           mprotect
  0.00    0.000000           0        13           munmap
  0.00    0.000000           0         1           rt_sigprocmask
  0.00    0.000000           0         8           pread64
  0.00    0.000000           0         1         1 access
  0.00    0.000000           0         1           mremap
  0.00    0.000000           0         1           execve
  0.00    0.000000           0         3           fcntl
  0.00    0.000000           0         1           getcwd
  0.00    0.000000           0         4         2 readlink
  0.00    0.000000           0         1           sysinfo
  0.00    0.000000           0         1           getuid
  0.00    0.000000           0         1           getgid
  0.00    0.000000           0         1           geteuid
  0.00    0.000000           0         1           getegid
  0.00    0.000000           0         3           sigaltstack
  0.00    0.000000           0         2         1 arch_prctl
  0.00    0.000000           0         7           futex
  0.00    0.000000           0         1           set_tid_address
  0.00    0.000000           0         1           set_robust_list
  0.00    0.000000           0         1           prlimit64
------ ----------- ----------- --------- --------- ----------------
100.00    0.000689                  1375       167 total
