% time     seconds  usecs/call     calls    errors syscall
------ ----------- ----------- --------- --------- ----------------
 29.34    0.000218          10        20           getdents64
 25.17    0.000187           0       328        67 stat
  8.61    0.000064           0       169           read
  8.48    0.000063           0       120        22 openat
  6.19    0.000046           0       101           close
  6.06    0.000045           0       152           fstat
  4.58    0.000034           0        77        71 ioctl
  4.17    0.000031           0       117         3 lseek
  4.17    0.000031           0       122           mmap
  2.15    0.000016           1        15           brk
  0.67    0.000005           0        30           mprotect
  0.40    0.000003           0         7           futex
  0.00    0.000000           0         1           lstat
  0.00    0.000000           0        14           munmap
  0.00    0.000000           0        68           rt_sigaction
  0.00    0.000000           0         1           rt_sigprocmask
  0.00    0.000000           0         8           pread64
  0.00    0.000000           0         1         1 access
  0.00    0.000000           0         1           mremap
  0.00    0.000000           0         3           dup
  0.00    0.000000           0         1           execve
  0.00    0.000000           0         3           fcntl
  0.00    0.000000           0         1           getcwd
  0.00    0.000000           0         4         2 readlink
  0.00    0.000000           0         1           sysinfo
  0.00    0.000000           0         1           getuid
  0.00    0.000000           0         1           getgid
  0.00    0.000000           0         1           geteuid
  0.00    0.000000           0         1           getegid
  0.00    0.000000           0         3           sigaltstack
  0.00    0.000000           0         2         1 arch_prctl
  0.00    0.000000           0         1           set_tid_address
  0.00    0.000000           0         1           set_robust_list
  0.00    0.000000           0         1           prlimit64
------ ----------- ----------- --------- --------- ----------------
100.00    0.000743                  1377       167 total
