% time     seconds  usecs/call     calls    errors syscall
------ ----------- ----------- --------- --------- ----------------
 16.46    0.000174           1       168           read
 16.18    0.000171           0       328        67 stat
 14.76    0.000156           2        68           rt_sigaction
 14.47    0.000153           7        20           getdents64
  7.28    0.000077           0       122           mmap
  6.62    0.000070           0       120        22 openat
  5.87    0.000062           0       151           fstat
  5.01    0.000053           0       101           close
  3.60    0.000038           0       117         3 lseek
  3.31    0.000035           2        14           munmap
  2.84    0.000030           0        78        72 ioctl
  1.23    0.000013           0        15           brk
  0.76    0.000008           0        30           mprotect
  0.66    0.000007           7         1           mremap
  0.66    0.000007           2         3           sigaltstack
  0.28    0.000003           3         1           sysinfo
  0.00    0.000000           0         1           lstat
  0.00    0.000000           0         1           rt_sigprocmask
  0.00    0.000000           0         8           pread64
  0.00    0.000000           0         1         1 access
  0.00    0.000000           0         3           dup
  0.00    0.000000           0         1           execve
  0.00    0.000000           0         3           fcntl
  0.00    0.000000           0         1           getcwd
  0.00    0.000000           0         4         2 readlink
  0.00    0.000000           0         1           getuid
  0.00    0.000000           0         1           getgid
  0.00    0.000000           0         1           geteuid
  0.00    0.000000           0         1           getegid
  0.00    0.000000           0         2         1 arch_prctl
  0.00    0.000000           0         7           futex
  0.00    0.000000           0         1           set_tid_address
  0.00    0.000000           0         1           set_robust_list
  0.00    0.000000           0         1           prlimit64
------ ----------- ----------- --------- --------- ----------------
100.00    0.001057                  1376       168 total
