% time     seconds  usecs/call     calls    errors syscall
------ ----------- ----------- --------- --------- ----------------
 37.85    0.000120           0       168           read
 20.19    0.000064           0       122           mmap
 11.99    0.000038           0       328        67 stat
  7.57    0.000024           1        14           munmap
  5.05    0.000016           0       120        22 openat
  4.73    0.000015           0       101           close
  4.10    0.000013           0       151           fstat
  2.21    0.000007           0        30           mprotect
  1.89    0.000006           0       117         3 lseek
  1.89    0.000006           6         1           mremap
  1.26    0.000004           0        77        71 ioctl
  0.95    0.000003           0        15           brk
  0.32    0.000001           0         3           sigaltstack
  0.00    0.000000           0         1           lstat
  0.00    0.000000           0        68           rt_sigaction
  0.00    0.000000           0         1           rt_sigprocmask
  0.00    0.000000           0         8           pread64
  0.00    0.000000           0         1         1 access
  0.00    0.000000           0         3           dup
  0.00    0.000000           0         1           execve
  0.00    0.000000           0         3           fcntl
  0.00    0.000000           0         1           getcwd
  0.00    0.000000           0         4         2 readlink
  0.00    0.000000           0         1           sysinfo
  0.00    0.000000           0         1           getuid
  0.00    0.000000           0         1           getgid
  0.00    0.000000           0         1           geteuid
  0.00    0.000000           0         1           getegid
  0.00    0.000000           0         2         1 arch_prctl
  0.00    0.000000           0         7           futex
  0.00    0.000000           0        20           getdents64
  0.00    0.000000           0         1           set_tid_address
  0.00    0.000000           0         1           set_robust_list
  0.00    0.000000           0         1           prlimit64
------ ----------- ----------- --------- --------- ----------------
100.00    0.000317                  1375       167 total
