% time     seconds  usecs/call     calls    errors syscall
------ ----------- ----------- --------- --------- ----------------
 20.00    0.000230           0       328        67 stat
 14.96    0.000172           8        20           getdents64
 13.65    0.000157           2        68           rt_sigaction
 10.09    0.000116           0       168           read
  8.35    0.000096           0       151           fstat
  8.00    0.000092           0       120        22 openat
  6.70    0.000077           0       101           close
  6.70    0.000077           0       117         3 lseek
  5.13    0.000059           0        77        71 ioctl
  2.78    0.000032           0       122           mmap
  1.39    0.000016           1        15           brk
  0.78    0.000009           0        14           munmap
  0.70    0.000008           2         3           dup
  0.35    0.000004           4         1           sysinfo
  0.26    0.000003           1         3           sigaltstack
  0.09    0.000001           0        30           mprotect
  0.09    0.000001           0         7           futex
  0.00    0.000000           0         1           lstat
  0.00    0.000000           0         1           rt_sigprocmask
  0.00    0.000000           0         8           pread64
  0.00    0.000000           0         1         1 access
  0.00    0.000000           0         1           mremap
  0.00    0.000000           0         1           execve
  0.00    0.000000           0         3           fcntl
  0.00    0.000000           0         1           getcwd
  0.00    0.000000           0         4         2 readlink
  0.00    0.000000           0         1           getuid
  0.00    0.000000           0         1           getgid
  0.00    0.000000           0         1           geteuid
  0.00    0.000000           0         1           getegid
  0.00    0.000000           0         2         1 arch_prctl
  0.00    0.000000           0         1           set_tid_address
  0.00    0.000000           0         1           set_robust_list
  0.00    0.000000           0         1           prlimit64
------ ----------- ----------- --------- --------- ----------------
100.00    0.001150                  1375       167 total
