% time     seconds  usecs/call     calls    errors syscall
------ ----------- ----------- --------- --------- ----------------
 30.82    0.000565           1       328        67 stat
 13.58    0.000249           1       168           read
 11.35    0.000208           1       122           mmap
  9.82    0.000180           1       120        22 openat
  7.69    0.000141           7        20           getdents64
  7.20    0.000132           0       151           fstat
  5.67    0.000104           1       101           close
  5.02    0.000092           0       117         3 lseek
  3.76    0.000069           0        77        71 ioctl
  2.78    0.000051           1        30           mprotect
  0.76    0.000014           2         7           futex
  0.71    0.000013           0        15           brk
  0.27    0.000005           0        14           munmap
  0.22    0.000004           1         3           fcntl
  0.11    0.000002           2         1           lstat
  0.11    0.000002           2         1           getcwd
  0.11    0.000002           0         4         2 readlink
  0.00    0.000000           0        68           rt_sigaction
  0.00    0.000000           0         1           rt_sigprocmask
  0.00    0.000000           0         8           pread64
  0.00    0.000000           0         1         1 access
  0.00    0.000000           0         1           mremap
  0.00    0.000000           0         3           dup
  0.00    0.000000           0         1           execve
  0.00    0.000000           0         1           sysinfo
  0.00    0.000000           0         1           getuid
  0.00    0.000000           0         1           getgid
  0.00    0.000000           0         1           geteuid
  0.00    0.000000           0         1           getegid
  0.00    0.000000           0         3           sigaltstack
  0.00    0.000000           0         2         1 arch_prctl
  0.00    0.000000           0         1           set_tid_address
  0.00    0.000000           0         1           set_robust_list
  0.00    0.000000           0         1           prlimit64
------ ----------- ----------- --------- --------- ----------------
100.00    0.001833                  1375       167 total
