% time     seconds  usecs/call     calls    errors syscall
------ ----------- ----------- --------- --------- ----------------
 26.18    0.000271           0       328        67 stat
 19.61    0.000203           1       170           read
 13.33    0.000138           1       122           mmap
 10.34    0.000107           0       120        22 openat
  6.28    0.000065           0       153           fstat
  5.80    0.000060           0       101           close
  5.41    0.000056           0       117         3 lseek
  3.77    0.000039           0        77        71 ioctl
  3.09    0.000032           1        30           mprotect
  2.71    0.000028           1        20           getdents64
  1.35    0.000014           2         7           futex
  0.58    0.000006           6         1           mremap
  0.39    0.000004           0        15           brk
  0.29    0.000003           3         1           lstat
  0.29    0.000003           1         3           fcntl
  0.29    0.000003           0         4         2 readlink
  0.19    0.000002           2         1           getcwd
  0.10    0.000001           0        14           munmap
  0.00    0.000000           0        68           rt_sigaction
  0.00    0.000000           0         1           rt_sigprocmask
  0.00    0.000000           0         8           pread64
  0.00    0.000000           0         1         1 access
  0.00    0.000000           0         3           dup
  0.00    0.000000           0         1           socket
  0.00    0.000000           0         1           connect
  0.00    0.000000           0         1           sendto
  0.00    0.000000           0         1           execve
  0.00    0.000000           0         1           sysinfo
  0.00    0.000000           0         1           getuid
  0.00    0.000000           0         1           getgid
  0.00    0.000000           0         1           geteuid
  0.00    0.000000           0         1           getegid
  0.00    0.000000           0         3           sigaltstack
  0.00    0.000000           0         2         1 arch_prctl
  0.00    0.000000           0         1           set_tid_address
  0.00    0.000000           0         1           set_robust_list
  0.00    0.000000           0         1           prlimit64
------ ----------- ----------- --------- --------- ----------------
100.00    0.001035                  1382       167 total
